1.2313,-6.0108,4.525,5.9
2.5875,-6.0109,4.55,5.9
3.9438,-6.0109,4.575,5.9
5.3,-6.011,4.6,5.9
6.6563,-6.0118,4.625,5.9
8.0125,-6.0126,4.65,5.9
9.3888,-6.0122,4.675,5.875
10.745,-6.0114,4.7,5.875
12.075,-6.0099,4.725,5.875
13.405,-6.0084,4.75,5.875
14.735,-6.0068,4.775,5.875
16.065,-6.0053,4.8,5.875
17.3913,-6.0033,4.825,5.875
18.7175,-6.0014,4.85,5.875
20.0438,-6.0006,4.875,5.875
21.37,-6.0026,4.9,5.875
22.6725,-6.0041,4.925,5.875
23.975,-6.0057,4.95,5.875
25.2775,-6.0073,4.975,5.875
26.58,-6.0089,5.0,5.875
27.8788,-6.0115,5.025,5.875
29.1975,-6.0115,5.05,5.85
30.4962,-6.0089,5.075,5.85
31.795,-6.0063,5.1,5.85
33.065,-6.0031,5.125,5.85
34.335,-6.0001,5.15,5.85
35.605,-6.0033,5.175,5.85
36.875,-6.0065,5.2,5.85
38.14,-6.0101,5.225,5.85
39.425,-6.0118,5.25,5.825
40.69,-6.0082,5.275,5.825
41.955,-6.0046,5.3,5.825
43.1975,-6.0002,5.325,5.825
44.44,-6.0042,5.35,5.825
45.6825,-6.0085,5.375,5.825
46.945,-6.0127,5.4,5.8
48.1775,-6.0085,5.425,5.8
49.41,-6.0043,5.45,5.8
50.6425,-6.0001,5.475,5.8
51.875,-6.004,5.5,5.8
53.0862,-6.0096,5.525,5.8
54.3162,-6.0112,5.55,5.775
55.5275,-6.0056,5.575,5.775
56.7388,-6.0001,5.6,5.775
57.935,-6.0065,5.625,5.775
59.1312,-6.013,5.65,5.775
60.3463,-6.0066,5.675,5.75
61.5425,-6.0001,5.7,5.75
62.7163,-6.0075,5.725,5.75
63.9088,-6.0113,5.75,5.725
65.0825,-6.0037,5.775,5.725
66.2563,-6.0038,5.8,5.725
67.42,-6.0115,5.825,5.725
68.6025,-6.0069,5.85,5.7
69.7663,-6.0008,5.875,5.7
70.93,-6.0085,5.9,5.7
72.1225,-6.0089,5.925,5.675
73.27,-6.0,5.95,5.675
74.4175,-6.0089,5.975,5.675
75.61,-6.0086,6.0,5.65
76.7225,-6.0002,6.025,5.65
77.835,-6.0089,6.05,5.65
78.9925,-6.0088,6.075,5.625
80.105,-6.0,6.1,5.625
81.2138,-6.0098,6.125,5.625
82.3675,-6.0069,6.15,5.6
83.4762,-6.0029,6.175,5.6
84.585,-6.0126,6.2,5.6
85.6612,-6.0047,6.225,5.575
86.74,-6.0054,6.25,5.575
87.8163,-6.012,6.275,5.55
88.895,-6.0018,6.3,5.55
89.9613,-6.0084,6.325,5.55
91.025,-6.009,6.35,5.525
92.0913,-6.0012,6.375,5.525
93.1575,-6.0114,6.4,5.525
94.1925,-6.005,6.425,5.5
95.23,-6.0061,6.45,5.5
96.2925,-6.0107,6.475,5.475
97.33,-6.0005,6.5,5.475
98.3537,-6.0124,6.525,5.475
99.4025,-6.0035,6.55,5.45
100.4262,-6.0085,6.575,5.45
101.475,-6.0074,6.6,5.425
102.47,-6.0039,6.625,5.425
103.49,-6.0127,6.65,5.4
104.485,-6.0015,6.675,5.4
105.48,-6.0097,6.7,5.4
106.4675,-6.0069,6.725,5.375
107.4375,-6.0049,6.75,5.375
108.425,-6.0118,6.775,5.35
109.395,-6.0,6.8,5.35
110.3438,-6.0115,6.825,5.35
111.31,-6.0054,6.85,5.325
112.2588,-6.0061,6.875,5.325
113.225,-6.0109,6.9,5.3
114.145,-6.0007,6.925,5.3
115.065,-6.0123,6.95,5.3
116.0037,-6.0048,6.975,5.275
116.9237,-6.0068,7.0,5.275
117.835,-6.0098,7.025,5.25
118.7275,-6.0023,7.05,5.25
119.6388,-6.0142,7.075,5.225
120.5312,-6.0021,7.1,5.225
121.3975,-6.0093,7.125,5.225
122.2825,-6.0078,7.15,5.2
123.1487,-6.0036,7.175,5.2
124.0337,-6.0139,7.2,5.175
124.8662,-6.0026,7.225,5.175
125.6987,-6.0088,7.25,5.175
126.55,-6.0088,7.275,5.15
127.3825,-6.0025,7.3,5.15
128.1925,-6.0136,7.325,5.15
129.0213,-6.0044,7.35,5.125
129.8312,-6.0066,7.375,5.125
130.66,-6.0114,7.4,5.1
131.4387,-6.0006,7.425,5.1
132.2175,-6.0101,7.45,5.1
133.0137,-6.0091,7.475,5.075
133.7925,-6.0016,7.5,5.075
134.54,-6.0122,7.525,5.075
135.305,-6.0071,7.55,5.05
136.0525,-6.0035,7.575,5.05
136.8,-6.0141,7.6,5.05
137.5362,-6.0064,7.625,5.025
138.255,-6.0029,7.65,5.025
138.9737,-6.0123,7.675,5.025
139.71,-6.0082,7.7,5.0
140.3925,-6.0016,7.725,5.0
141.075,-6.0114,7.75,5.0
141.77,-6.0094,7.775,4.975
142.4525,-6.0005,7.8,4.975
143.115,-6.0097,7.825,4.975
143.79,-6.0117,7.85,4.95
144.4525,-6.0025,7.875,4.95
145.115,-6.0067,7.9,4.95
145.7537,-6.0151,7.925,4.925
146.38,-6.0063,7.95,4.925
147.0062,-6.0025,7.975,4.925
147.6325,-6.0113,8.0,4.925
148.2512,-6.0108,8.025,4.9
148.8575,-6.0023,8.05,4.9
149.4638,-6.0062,8.075,4.9
150.07,-6.0146,8.1,4.9
150.66,-6.0087,8.125,4.875
151.235,-6.0005,8.15,4.875
151.3863,-6.0011,0.0,5.225
151.81,-6.0076,8.175,4.875
152.23,-6.0102,0.025,5.225
152.4,-6.0157,8.2,4.85
152.9513,-6.0081,8.225,4.85
153.055,-6.0072,0.05,5.25
153.5025,-6.0005,8.25,4.85
153.8988,-6.0041,0.075,5.25
154.0538,-6.0072,8.275,4.85
154.605,-6.0148,8.3,4.85
154.7237,-6.0132,0.1,5.275
155.1438,-6.0095,8.325,4.825
155.5688,-6.003,0.125,5.275
155.6675,-6.0024,8.35,4.825
156.1913,-6.0048,8.375,4.825
156.4137,-6.0072,0.15,5.275
156.715,-6.012,8.4,4.825
157.2325,-6.0128,8.425,4.8
157.24,-6.0112,0.175,5.3
157.735,-6.0061,8.45,4.8
158.085,-6.001,0.2,5.3
158.2375,-6.0007,8.475,4.8
158.74,-6.0074,8.5,4.8
158.9225,-6.0088,0.225,5.3
159.2175,-6.014,8.525,4.8
159.71,-6.0113,8.55,4.775
159.7425,-6.0099,0.25,5.325
160.1875,-6.0046,8.575,4.775
160.58,-6.0002,0.275,5.325
160.665,-6.002,8.6,4.775
161.1225,-6.0083,8.625,4.775
161.4175,-6.0095,0.3,5.325
161.58,-6.0145,8.65,4.775
162.0525,-6.0111,8.675,4.75
162.2475,-6.0087,0.325,5.35
162.51,-6.0049,8.7,4.75
162.9425,-6.0009,8.725,4.75
163.095,-6.0015,0.35,5.35
163.375,-6.0067,8.75,4.75
163.8075,-6.0125,8.775,4.75
163.9425,-6.0118,0.375,5.35
164.255,-6.0137,8.8,4.725
164.6738,-6.0081,8.825,4.725
164.7725,-6.0064,0.4,5.375
165.0925,-6.0025,8.85,4.725
165.5113,-6.0031,8.875,4.725
165.62,-6.0037,0.425,5.375
165.93,-6.0087,8.9,4.725
166.33,-6.0145,8.925,4.725
166.4675,-6.0138,0.45,5.375
166.745,-6.0116,8.95,4.7
167.145,-6.0059,8.975,4.7
167.2975,-6.0045,0.475,5.4
167.545,-6.0001,9.0,4.7
167.925,-6.005,9.025,4.7
168.145,-6.0056,0.5,5.4
168.305,-6.01,9.05,4.7
168.685,-6.0151,9.075,4.7
168.9825,-6.0123,0.525,5.425
169.0825,-6.0133,9.1,4.675
169.4488,-6.0089,9.125,4.675
169.815,-6.0044,9.15,4.675
169.845,-6.0025,0.55,5.425
170.1813,-6.0001,9.175,4.675
170.5475,-6.0046,9.2,4.675
170.7075,-6.0074,0.575,5.425
170.8938,-6.009,9.225,4.675
171.24,-6.0135,9.25,4.675
171.545,-6.0105,0.6,5.45
171.6037,-6.0155,9.275,4.65
171.95,-6.0111,9.3,4.65
172.2887,-6.007,9.325,4.65
172.4137,-6.0009,0.625,5.45
172.6275,-6.003,9.35,4.65
172.9663,-6.0011,9.375,4.65
173.2825,-6.0088,0.65,5.45
173.305,-6.0052,9.4,4.65
173.6225,-6.0092,9.425,4.65
173.94,-6.0133,9.45,4.65
174.1262,-6.0094,0.675,5.475
174.275,-6.0161,9.475,4.625
174.5925,-6.012,9.5,4.625
174.9,-6.0082,9.525,4.625
174.995,-6.0003,0.7,5.475
175.2075,-6.0045,9.55,4.625
175.515,-6.0007,9.575,4.625
175.8225,-6.003,9.6,4.625
175.8812,-6.0102,0.725,5.475
176.1175,-6.007,9.625,4.625
176.4125,-6.0109,9.65,4.625
176.7075,-6.0148,9.675,4.625
176.7425,-6.0076,0.75,5.5
177.02,-6.0147,9.7,4.6
177.3062,-6.0113,9.725,4.6
177.5925,-6.0079,9.75,4.6
177.6287,-6.0023,0.775,5.5
177.8788,-6.0045,9.775,4.6
178.165,-6.0011,9.8,4.6
178.4375,-6.0024,9.825,4.6
178.515,-6.0123,0.8,5.5
178.71,-6.006,9.85,4.6
178.9825,-6.0096,9.875,4.6
179.255,-6.0132,9.9,4.6
179.4087,-6.0059,0.825,5.525
179.52,-6.0163,9.925,4.6
179.81,-6.0145,9.95,4.575
180.075,-6.0114,9.975,4.575
180.3,-6.0035,0.85,5.525
180.34,-6.0082,10.0,4.575
181.1912,-6.0129,0.875,5.525
182.085,-6.0053,0.9,5.55
183.0037,-6.0045,0.925,5.55
183.925,-6.0134,0.95,5.575
184.8438,-6.0036,0.975,5.575
185.7625,-6.0061,1.0,5.575
186.6912,-6.0127,1.025,5.6
187.6175,-6.004,1.05,5.6
188.5437,-6.0048,1.075,5.6
189.425,-6.0129,1.1,5.625
190.3775,-6.0038,1.125,5.625
191.33,-6.0053,1.15,5.625
192.2375,-6.0119,1.175,5.65
193.19,-6.0028,1.2,5.65
194.1425,-6.0057,1.225,5.65
195.05,-6.0122,1.25,5.675
196.0025,-6.0036,1.275,5.675
196.955,-6.0049,1.3,5.675
197.915,-6.013,1.325,5.7
198.92,-6.0045,1.35,5.7
199.925,-6.004,1.375,5.7
200.93,-6.0125,1.4,5.7
201.9225,-6.0058,1.425,5.725
202.9338,-6.0021,1.45,5.725
203.945,-6.01,1.475,5.725
204.9375,-6.0083,1.5,5.75
205.9625,-6.0008,1.525,5.75
206.9875,-6.0067,1.55,5.75
207.9938,-6.0121,1.575,5.775
209.0188,-6.0045,1.6,5.775
210.07,-6.0023,1.625,5.775
211.1213,-6.0091,1.65,5.775
212.1538,-6.0103,1.675,5.8
213.205,-6.0035,1.7,5.8
214.2725,-6.003,1.725,5.8
215.34,-6.0095,1.75,5.8
216.3875,-6.0096,1.775,5.825
217.455,-6.0031,1.8,5.825
218.555,-6.0028,1.825,5.825
219.655,-6.0087,1.85,5.825
220.735,-6.0109,1.875,5.85
221.835,-6.005,1.9,5.85
222.9525,-6.0002,1.925,5.85
224.07,-6.0054,1.95,5.85
225.1875,-6.0106,1.975,5.85
226.285,-6.0099,2.0,5.875
227.4313,-6.0047,2.025,5.875
228.5775,-6.0004,2.05,5.875
229.7238,-6.0055,2.075,5.875
230.87,-6.0107,2.1,5.875
232.0138,-6.0104,2.125,5.9
233.1775,-6.0058,2.15,5.9
234.3413,-6.0013,2.175,5.9
235.505,-6.0033,2.2,5.9
236.6988,-6.0068,2.225,5.9
237.8925,-6.0103,2.25,5.9
239.0662,-6.0114,2.275,5.925
240.26,-6.008,2.3,5.925
241.4737,-6.0056,2.325,5.925
242.6875,-6.0032,2.35,5.925
243.9013,-6.0008,2.375,5.925
245.115,-6.0016,2.4,5.925
246.36,-6.0039,2.425,5.925
247.605,-6.0061,2.45,5.925
248.85,-6.0084,2.475,5.925
250.095,-6.0106,2.5,5.925
251.3537,-6.0125,2.525,5.925
252.5925,-6.0108,2.55,5.95
253.8512,-6.0089,2.575,5.95
255.11,-6.007,2.6,5.95
256.3988,-6.0062,2.625,5.95
257.6875,-6.0054,2.65,5.95
258.9762,-6.0047,2.675,5.95
260.265,-6.0039,2.7,5.95
261.5625,-6.0029,2.725,5.95
262.86,-6.002,2.75,5.95
264.1575,-6.001,2.775,5.95
265.455,-6.0001,2.8,5.95
266.7837,-6.0003,2.825,5.95
268.1125,-6.0005,2.85,5.95
269.4413,-6.0006,2.875,5.95
270.77,-6.0008,2.9,5.95
272.1163,-6.0007,2.925,5.95
273.4625,-6.0007,2.95,5.95
274.8088,-6.0006,2.975,5.95
276.155,-6.0005,3.0,5.95
277.505,-6.0007,3.025,5.95
278.855,-6.001,3.05,5.95
280.205,-6.0012,3.075,5.95
281.555,-6.0014,3.1,5.95
282.9312,-6.0027,3.125,5.95
284.3075,-6.004,3.15,5.95
285.6838,-6.0053,3.175,5.95
287.06,-6.0065,3.2,5.95
288.4388,-6.0081,3.225,5.95
289.8175,-6.0096,3.25,5.95
291.1963,-6.0111,3.275,5.95
292.595,-6.0126,3.3,5.925
293.9925,-6.0114,3.325,5.925
295.39,-6.0103,3.35,5.925
296.7875,-6.0092,3.375,5.925
298.185,-6.008,3.4,5.925
299.5788,-6.007,3.425,5.925
300.9725,-6.0059,3.45,5.925
302.3663,-6.0048,3.475,5.925
303.76,-6.0037,3.5,5.925
305.1737,-6.002,3.525,5.925
306.5875,-6.0004,3.55,5.925
308.0013,-6.0013,3.575,5.925
309.415,-6.003,3.6,5.925
310.82,-6.0045,3.625,5.925
312.225,-6.006,3.65,5.925
313.63,-6.0074,3.675,5.925
315.035,-6.0089,3.7,5.925
316.4538,-6.0095,3.725,5.925
317.8725,-6.01,3.75,5.925
319.2912,-6.0106,3.775,5.925
320.71,-6.0112,3.8,5.925
322.12,-6.0122,3.825,5.925
323.55,-6.0119,3.85,5.9
324.96,-6.0109,3.875,5.9
326.37,-6.0098,3.9,5.9
327.7825,-6.0089,3.925,5.9
329.195,-6.0079,3.95,5.9
330.6075,-6.007,3.975,5.9
332.02,-6.006,4.0,5.9
333.4225,-6.0049,4.025,5.9
334.825,-6.0038,4.05,5.9
336.2275,-6.0027,4.075,5.9
337.63,-6.0016,4.1,5.9
339.0362,-6.0007,4.125,5.9
340.4425,-6.0002,4.15,5.9
341.8487,-6.0011,4.175,5.9
343.255,-6.002,4.2,5.9
344.6438,-6.0028,4.225,5.9
346.0325,-6.0037,4.25,5.9
347.4212,-6.0045,4.275,5.9
348.81,-6.0053,4.3,5.9
350.1988,-6.0054,4.325,5.9
351.5875,-6.0055,4.35,5.9
352.9763,-6.0056,4.375,5.9
354.365,-6.0058,4.4,5.9
355.7425,-6.007,4.425,5.9
357.12,-6.0083,4.45,5.9
358.4975,-6.0095,4.475,5.9
359.875,-6.0108,4.5,5.9
