0.2413,-6.0085,2.925,5.025
1.565,-6.0112,2.95,5.025
2.8888,-6.014,2.975,5.025
4.18,-6.0136,3.0,5.05
5.5087,-6.0121,3.025,5.05
6.8375,-6.0107,3.05,5.05
8.1662,-6.0093,3.075,5.05
9.495,-6.0078,3.1,5.05
10.8438,-6.0071,3.125,5.05
12.1925,-6.0063,3.15,5.05
13.5412,-6.0055,3.175,5.05
14.89,-6.0048,3.2,5.05
16.2387,-6.006,3.225,5.05
17.5875,-6.0072,3.25,5.05
18.9363,-6.0083,3.275,5.05
20.285,-6.0095,3.3,5.05
21.655,-6.0117,3.325,5.05
23.025,-6.0138,3.35,5.05
24.4275,-6.0145,3.375,5.025
25.7975,-6.0124,3.4,5.025
27.1613,-6.0095,3.425,5.025
28.525,-6.0066,3.45,5.025
29.8888,-6.0038,3.475,5.025
31.2525,-6.0009,3.5,5.025
32.6337,-6.003,3.525,5.025
34.015,-6.0069,3.55,5.025
35.3963,-6.0107,3.575,5.025
36.7775,-6.0146,3.6,5.025
38.1875,-6.0113,3.625,5.0
39.565,-6.0069,3.65,5.0
40.9425,-6.0025,3.675,5.0
42.32,-6.0019,3.7,5.0
43.7112,-6.0069,3.725,5.0
45.1025,-6.012,3.75,5.0
46.52,-6.0138,3.775,4.975
47.9112,-6.0087,3.8,4.975
49.2975,-6.0025,3.825,4.975
50.6837,-6.0038,3.85,4.975
52.07,-6.01,3.875,4.975
53.4825,-6.0146,3.9,4.95
54.8838,-6.0084,3.925,4.95
56.285,-6.0023,3.95,4.95
57.6863,-6.0038,3.975,4.95
59.0875,-6.01,4.0,4.95
60.5013,-6.0147,4.025,4.925
61.8888,-6.0086,4.05,4.925
63.2763,-6.0025,4.075,4.925
64.6638,-6.0036,4.1,4.925
66.0625,-6.01,4.125,4.925
67.4875,-6.0143,4.15,4.9
68.8862,-6.0078,4.175,4.9
70.285,-6.0013,4.2,4.9
71.6725,-6.0046,4.225,4.9
73.06,-6.0105,4.25,4.9
74.475,-6.0153,4.275,4.875
75.8625,-6.0094,4.3,4.875
77.2525,-6.0033,4.325,4.875
78.6425,-6.0029,4.35,4.875
80.0325,-6.009,4.375,4.875
81.4225,-6.0152,4.4,4.875
82.8375,-6.011,4.425,4.85
84.225,-6.0054,4.45,4.85
85.6125,-6.0002,4.475,4.85
87.0,-6.0057,4.5,4.85
88.3725,-6.0103,4.525,4.85
89.745,-6.0148,4.55,4.85
91.145,-6.0124,4.575,4.825
92.5175,-6.0079,4.6,4.825
93.8925,-6.0035,4.625,4.825
95.2675,-6.0008,4.65,4.825
96.6425,-6.0052,4.675,4.825
98.0175,-6.0095,4.7,4.825
99.3663,-6.0128,4.725,4.825
100.7425,-6.0156,4.75,4.8
102.0913,-6.0123,4.775,4.8
103.44,-6.0091,4.8,4.8
104.7937,-6.0063,4.825,4.8
106.1475,-6.0036,4.85,4.8
107.5012,-6.0008,4.875,4.8
108.855,-6.0019,4.9,4.8
110.1825,-6.0045,4.925,4.8
111.51,-6.0071,4.95,4.8
112.8375,-6.0098,4.975,4.8
114.165,-6.0124,5.0,4.8
115.4862,-6.014,5.025,4.8
116.8075,-6.0156,5.05,4.8
118.1525,-6.0145,5.075,4.775
119.4737,-6.013,5.1,4.775
120.7712,-6.0117,5.125,4.775
122.0687,-6.0104,5.15,4.775
123.3662,-6.0091,5.175,4.775
124.6637,-6.0078,5.2,4.775
125.9512,-6.0073,5.225,4.775
127.2387,-6.0067,5.25,4.775
128.5263,-6.0062,5.275,4.775
129.8137,-6.0057,5.3,4.775
131.07,-6.0058,5.325,4.775
132.3263,-6.0059,5.35,4.775
133.5825,-6.0061,5.375,4.775
134.8388,-6.0062,5.4,4.775
136.0938,-6.0057,5.425,4.775
137.3487,-6.0051,5.45,4.775
138.6037,-6.0046,5.475,4.775
139.8587,-6.0041,5.5,4.775
141.0787,-6.0037,5.525,4.775
142.2987,-6.0034,5.55,4.775
143.5188,-6.003,5.575,4.775
144.7388,-6.0027,5.6,4.775
145.945,-6.0026,5.625,4.775
147.1513,-6.0024,5.65,4.775
148.3575,-6.0023,5.675,4.775
149.5637,-6.0022,5.7,4.775
150.7388,-6.0011,5.725,4.775
151.9137,-6.0001,5.75,4.775
153.0888,-6.0009,5.775,4.775
154.2638,-6.0019,5.8,4.775
155.43,-6.0023,5.825,4.775
156.5962,-6.0027,5.85,4.775
157.7625,-6.0031,5.875,4.775
158.9288,-6.0035,5.9,4.775
160.07,-6.0054,5.925,4.775
161.2113,-6.0074,5.95,4.775
162.3525,-6.0093,5.975,4.775
163.4938,-6.0113,6.0,4.775
164.6,-6.0132,6.025,4.775
165.7063,-6.0151,6.05,4.775
166.8363,-6.0147,6.075,4.75
167.9425,-6.0128,6.1,4.75
169.04,-6.0099,6.125,4.75
170.1375,-6.007,6.15,4.75
171.235,-6.0041,6.175,4.75
172.3325,-6.0013,6.2,4.75
173.395,-6.0019,6.225,4.75
174.4575,-6.0051,6.25,4.75
175.52,-6.0083,6.275,4.75
176.5825,-6.0114,6.3,4.75
177.6275,-6.0157,6.325,4.75
178.6963,-6.0118,6.35,4.725
179.7413,-6.0075,6.375,4.725
180.7862,-6.0033,6.4,4.725
181.7975,-6.0013,6.425,4.725
182.8087,-6.0059,6.45,4.725
183.82,-6.0105,6.475,4.725
184.8313,-6.0151,6.5,4.725
185.8537,-6.0108,6.525,4.7
186.8525,-6.005,6.55,4.7
187.8512,-6.0008,6.575,4.7
188.85,-6.0065,6.6,4.7
189.8137,-6.0128,6.625,4.7
190.8,-6.0143,6.65,4.675
191.7637,-6.0081,6.675,4.675
192.7275,-6.0018,6.7,4.675
193.6737,-6.005,6.725,4.675
194.62,-6.0119,6.75,4.675
195.5888,-6.0146,6.775,4.65
196.535,-6.0077,6.8,4.65
197.4475,-6.0007,6.825,4.65
198.36,-6.0064,6.85,4.65
199.2725,-6.0135,6.875,4.65
200.2075,-6.0128,6.9,4.625
201.1012,-6.0043,6.925,4.625
201.995,-6.0042,6.95,4.625
202.8888,-6.0127,6.975,4.625
203.805,-6.0122,7.0,4.6
204.6625,-6.0032,7.025,4.6
205.52,-6.0057,7.05,4.6
206.3775,-6.0147,7.075,4.6
207.2538,-6.0102,7.1,4.575
208.0925,-6.0016,7.125,4.575
208.9313,-6.0069,7.15,4.575
209.77,-6.0155,7.175,4.575
210.6275,-6.0098,7.2,4.55
211.4313,-6.0006,7.225,4.55
212.235,-6.0087,7.25,4.55
213.0575,-6.0159,7.275,4.525
213.8612,-6.0067,7.3,4.525
214.6287,-6.0026,7.325,4.525
215.3963,-6.0119,7.35,4.525
216.1825,-6.0125,7.375,4.5
216.95,-6.0032,7.4,4.5
217.715,-6.006,7.425,4.5
218.48,-6.0152,7.45,4.5
219.265,-6.0105,7.475,4.475
220.03,-6.0013,7.5,4.475
220.7488,-6.0081,7.525,4.475
221.4875,-6.0172,7.55,4.45
222.2063,-6.0078,7.575,4.45
222.925,-6.0017,7.6,4.45
223.625,-6.0112,7.625,4.45
224.345,-6.0142,7.65,4.425
225.045,-6.0047,7.675,4.425
225.745,-6.0047,7.7,4.425
226.4087,-6.0136,7.725,4.425
227.0925,-6.0125,7.75,4.4
227.7562,-6.0036,7.775,4.4
228.42,-6.0052,7.8,4.4
229.0612,-6.0142,7.825,4.4
229.7237,-6.0126,7.85,4.375
230.365,-6.0036,7.875,4.375
231.0062,-6.0054,7.9,4.375
231.6188,-6.0145,7.925,4.375
232.2525,-6.0122,7.95,4.35
232.865,-6.0031,7.975,4.35
233.4775,-6.006,8.0,4.35
234.0662,-6.0147,8.025,4.35
234.6762,-6.0124,8.05,4.325
235.265,-6.0037,8.075,4.325
235.8537,-6.005,8.1,4.325
236.4125,-6.0136,8.125,4.325
236.9925,-6.0137,8.15,4.3
237.5512,-6.0051,8.175,4.3
238.11,-6.0034,8.2,4.3
238.2325,-6.007,0.0,4.35
238.6538,-6.0118,8.225,4.3
239.0712,-6.0148,0.025,4.35
239.2237,-6.0168,8.25,4.275
239.7675,-6.0084,8.275,4.275
239.8887,-6.0132,0.05,4.375
240.3113,-6.0,8.3,4.275
240.7275,-6.0053,0.075,4.375
240.8225,-6.0077,8.325,4.275
241.3338,-6.0154,8.35,4.275
241.5662,-6.0025,0.1,4.375
241.8713,-6.0139,8.375,4.25
242.3825,-6.0062,8.4,4.25
242.405,-6.0094,0.125,4.375
242.875,-6.0011,8.425,4.25
243.2437,-6.0163,0.15,4.375
243.3675,-6.0084,8.45,4.25
243.86,-6.0156,8.475,4.25
244.0612,-6.0127,0.175,4.4
244.3787,-6.0141,8.5,4.225
244.8512,-6.0066,8.525,4.225
244.9,-6.0058,0.2,4.4
245.3238,-6.0009,8.55,4.225
245.7425,-6.0013,0.225,4.4
245.7963,-6.0084,8.575,4.225
246.2688,-6.0159,8.6,4.225
246.585,-6.0085,0.25,4.4
246.75,-6.0142,8.625,4.2
247.205,-6.0073,8.65,4.2
247.4275,-6.0157,0.275,4.4
247.66,-6.0005,8.675,4.2
248.115,-6.0064,8.7,4.2
248.25,-6.0119,0.3,4.425
248.54,-6.0129,8.725,4.2
248.965,-6.0194,8.75,4.2
249.0987,-6.0049,0.325,4.425
249.4212,-6.013,8.775,4.175
249.8462,-6.0065,8.8,4.175
249.9475,-6.0022,0.35,4.425
250.2612,-6.0001,8.825,4.175
250.6763,-6.0068,8.85,4.175
250.7962,-6.0093,0.375,4.425
251.0913,-6.0135,8.875,4.175
251.5375,-6.0189,8.9,4.15
251.645,-6.0164,0.4,4.425
251.9338,-6.0129,8.925,4.15
252.33,-6.0068,8.95,4.15
252.48,-6.0113,0.425,4.45
252.7262,-6.0008,8.975,4.15
253.1225,-6.0052,9.0,4.15
253.335,-6.004,0.45,4.45
253.5012,-6.0108,9.025,4.15
253.88,-6.0164,9.05,4.15
254.19,-6.0032,0.475,4.45
254.29,-6.0171,9.075,4.125
254.6687,-6.0115,9.1,4.125
255.035,-6.006,9.125,4.125
255.045,-6.0105,0.5,4.45
255.4013,-6.0005,9.15,4.125
255.7675,-6.0049,9.175,4.125
255.89,-6.0172,0.525,4.475
256.1337,-6.0104,9.2,4.125
256.4787,-6.0156,9.225,4.125
256.755,-6.0101,0.55,4.475
256.855,-6.0181,9.25,4.1
257.2,-6.0128,9.275,4.1
257.545,-6.0075,9.3,4.1
257.62,-6.0029,0.575,4.475
257.88,-6.0024,9.325,4.1
258.215,-6.0027,9.35,4.1
258.485,-6.0042,0.6,4.475
258.55,-6.0078,9.375,4.1
258.885,-6.0129,9.4,4.1
259.2038,-6.0178,9.425,4.1
259.3625,-6.0114,0.625,4.475
259.5562,-6.0167,9.45,4.075
259.875,-6.0118,9.475,4.075
260.1938,-6.007,9.5,4.075
260.22,-6.0163,0.65,4.5
260.4787,-6.0027,9.525,4.075
260.7637,-6.0017,9.55,4.075
261.0487,-6.006,9.575,4.075
261.0975,-6.0091,0.675,4.5
261.3338,-6.0103,9.6,4.075
261.6562,-6.0147,9.625,4.075
261.975,-6.0019,0.7,4.5
261.9787,-6.0191,9.65,4.075
262.335,-6.0158,9.675,4.05
262.6575,-6.0114,9.7,4.05
262.8737,-6.0057,0.725,4.5
262.945,-6.0072,9.725,4.05
263.2325,-6.003,9.75,4.05
263.52,-6.0012,9.775,4.05
263.7725,-6.0133,0.75,4.5
263.8075,-6.0054,9.8,4.05
264.08,-6.0091,9.825,4.05
264.3525,-6.0127,9.85,4.05
264.625,-6.0164,9.875,4.05
264.6525,-6.0129,0.775,4.525
264.9312,-6.0193,9.9,4.025
265.1988,-6.0152,9.925,4.025
265.4663,-6.0112,9.95,4.025
265.5512,-6.0053,0.8,4.525
265.7337,-6.0071,9.975,4.025
266.0013,-6.003,10.0,4.025
266.4588,-6.0023,0.825,4.525
267.3662,-6.0098,0.85,4.525
268.255,-6.0164,0.875,4.55
269.1625,-6.0088,0.9,4.55
270.0938,-6.0005,0.925,4.55
271.025,-6.0078,0.95,4.55
271.9563,-6.0162,0.975,4.55
272.8687,-6.0093,1.0,4.575
273.8138,-6.0016,1.025,4.575
274.7588,-6.006,1.05,4.575
275.7038,-6.0136,1.075,4.575
276.63,-6.0125,1.1,4.6
277.6012,-6.0045,1.125,4.6
278.5725,-6.0036,1.15,4.6
279.5437,-6.0116,1.175,4.6
280.4925,-6.0137,1.2,4.625
281.4787,-6.0057,1.225,4.625
282.465,-6.0022,1.25,4.625
283.4513,-6.0102,1.275,4.625
284.415,-6.0152,1.3,4.65
285.4287,-6.0066,1.325,4.65
286.4425,-6.002,1.35,4.65
287.4563,-6.0106,1.375,4.65
288.4475,-6.0142,1.4,4.675
289.4825,-6.0054,1.425,4.675
290.5175,-6.0035,1.45,4.675
291.5525,-6.0124,1.475,4.675
292.565,-6.0122,1.5,4.7
293.6162,-6.004,1.525,4.7
294.6675,-6.0041,1.55,4.7
295.7188,-6.0123,1.575,4.7
296.7462,-6.0113,1.6,4.725
297.7375,-6.002,1.625,4.725
298.7287,-6.0073,1.65,4.725
299.6963,-6.0151,1.675,4.75
300.6875,-6.0058,1.7,4.75
301.8737,-6.003,1.725,4.75
303.06,-6.012,1.75,4.75
304.2225,-6.0108,1.775,4.775
305.4087,-6.0019,1.8,4.775
306.5337,-6.0072,1.825,4.775
307.635,-6.0153,1.85,4.8
308.76,-6.0062,1.875,4.8
309.885,-6.003,1.9,4.8
311.025,-6.0123,1.925,4.8
312.1375,-6.0101,1.95,4.825
313.2775,-6.0008,1.975,4.825
314.4175,-6.0085,2.0,4.825
315.56,-6.0148,2.025,4.85
316.73,-6.0063,2.05,4.85
317.9,-6.0022,2.075,4.85
319.07,-6.0107,2.1,4.85
320.2287,-6.0127,2.125,4.875
321.415,-6.0043,2.15,4.875
322.6012,-6.004,2.175,4.875
323.7875,-6.0124,2.2,4.875
324.9737,-6.0108,2.225,4.9
326.1875,-6.0022,2.25,4.9
327.4013,-6.0065,2.275,4.9
328.615,-6.0151,2.3,4.9
329.8037,-6.008,2.325,4.925
331.0188,-6.0003,2.35,4.925
332.2337,-6.0075,2.375,4.925
333.4488,-6.0152,2.4,4.925
334.675,-6.0082,2.425,4.95
335.9275,-6.0008,2.45,4.95
337.18,-6.0067,2.475,4.95
338.4325,-6.0141,2.5,4.95
339.6612,-6.01,2.525,4.975
340.9162,-6.0032,2.55,4.975
342.1712,-6.0036,2.575,4.975
343.4262,-6.0104,2.6,4.975
344.6825,-6.015,2.625,5.0
345.965,-6.0096,2.65,5.0
347.2475,-6.0042,2.675,5.0
348.53,-6.0012,2.7,5.0
349.8212,-6.0062,2.725,5.0
351.1125,-6.0111,2.75,5.0
352.3712,-6.0143,2.775,5.025
353.6625,-6.0094,2.8,5.025
354.9762,-6.0056,2.825,5.025
356.29,-6.0019,2.85,5.025
357.6037,-6.0019,2.875,5.025
358.9175,-6.0057,2.9,5.025
