0.23,-6.01,0.95,5.05
1.165,-6.0023,0.975,5.05
2.1,-6.0053,1.0,5.05
3.045,-6.014,1.025,5.05
3.965,-6.0076,1.05,5.075
4.91,-6.001,1.075,5.075
5.855,-6.0097,1.1,5.075
6.8017,-6.0117,1.125,5.1
7.7733,-6.0029,1.15,5.1
8.745,-6.006,1.175,5.1
9.6967,-6.0142,1.2,5.125
10.6825,-6.0046,1.225,5.125
11.6683,-6.0049,1.25,5.125
12.6542,-6.0144,1.275,5.125
13.62,-6.0051,1.3,5.15
14.6288,-6.0048,1.325,5.15
15.6175,-6.0143,1.35,5.175
16.6262,-6.0044,1.375,5.175
17.635,-6.0054,1.4,5.175
18.65,-6.0133,1.425,5.2
19.685,-6.003,1.45,5.2
20.72,-6.0073,1.475,5.2
21.7238,-6.0116,1.5,5.225
22.77,-6.0013,1.525,5.225
23.8163,-6.0091,1.55,5.225
24.8313,-6.0098,1.575,5.25
25.8775,-6.0005,1.6,5.25
26.955,-6.0117,1.625,5.25
28.0012,-6.0065,1.65,5.275
29.0788,-6.0046,1.675,5.275
30.125,-6.0135,1.7,5.3
31.2125,-6.0028,1.725,5.3
32.3,-6.008,1.75,5.3
33.3612,-6.0091,1.775,5.325
34.4487,-6.0016,1.8,5.325
35.5712,-6.0128,1.825,5.325
36.6675,-6.0039,1.85,5.35
37.79,-6.0072,1.875,5.35
38.8863,-6.0095,1.9,5.375
40.0187,-6.0011,1.925,5.375
41.1513,-6.0118,1.95,5.375
42.2575,-6.0054,1.975,5.4
43.39,-6.0052,2.0,5.4
44.5233,-6.0117,2.025,5.425
45.6842,-6.0006,2.05,5.425
46.845,-6.0106,2.075,5.425
47.9783,-6.0064,2.1,5.45
49.1525,-6.0047,2.125,5.45
50.2992,-6.0123,2.15,5.475
51.4733,-6.0012,2.175,5.475
52.6475,-6.01,2.2,5.475
53.82,-6.0077,2.225,5.5
55.02,-6.0027,2.25,5.5
56.22,-6.013,2.275,5.5
57.3963,-6.0031,2.3,5.525
58.6013,-6.0061,2.325,5.525
59.7825,-6.0113,2.35,5.55
60.9875,-6.0021,2.375,5.55
62.1925,-6.0071,2.4,5.55
63.4012,-6.0108,2.425,5.575
64.6337,-6.002,2.45,5.575
65.8663,-6.0067,2.475,5.575
67.075,-6.0112,2.5,5.6
68.315,-6.0038,2.525,5.6
69.555,-6.0035,2.55,5.6
70.795,-6.0108,2.575,5.6
72.0125,-6.0082,2.6,5.625
73.2775,-6.0017,2.625,5.625
74.5425,-6.0048,2.65,5.625
75.8075,-6.0113,2.675,5.625
77.05,-6.0085,2.7,5.65
78.3217,-6.0025,2.725,5.65
79.5933,-6.0035,2.75,5.65
80.865,-6.0095,2.775,5.65
82.1142,-6.0108,2.8,5.675
83.4125,-6.0073,2.825,5.675
84.7108,-6.0038,2.85,5.675
86.0092,-6.0003,2.875,5.675
87.3075,-6.0031,2.9,5.675
88.6192,-6.0064,2.925,5.675
89.9308,-6.0097,2.95,5.675
91.2425,-6.013,2.975,5.675
92.5317,-6.0101,3.0,5.7
93.8425,-6.0086,3.025,5.7
95.1533,-6.0072,3.05,5.7
96.4642,-6.0058,3.075,5.7
97.775,-6.0043,3.1,5.7
99.1175,-6.0043,3.125,5.7
100.46,-6.0042,3.15,5.7
101.8025,-6.0041,3.175,5.7
103.145,-6.004,3.2,5.7
104.4862,-6.0061,3.225,5.7
105.8275,-6.0082,3.25,5.7
107.1688,-6.0103,3.275,5.7
108.51,-6.0123,3.3,5.7
109.8963,-6.0114,3.325,5.675
111.26,-6.0088,3.35,5.675
112.6238,-6.0061,3.375,5.675
113.9875,-6.0036,3.4,5.675
115.3558,-6.0004,3.425,5.675
116.7242,-6.0044,3.45,5.675
118.0925,-6.0083,3.475,5.675
119.4608,-6.0123,3.5,5.675
120.87,-6.0087,3.525,5.65
122.2567,-6.0034,3.55,5.65
123.6433,-6.0019,3.575,5.65
125.03,-6.0072,3.6,5.65
126.4375,-6.0131,3.625,5.625
127.8225,-6.007,3.65,5.625
129.2075,-6.001,3.675,5.625
130.5925,-6.0051,3.7,5.625
132.0,-6.0119,3.725,5.625
133.43,-6.0076,3.75,5.6
134.8375,-6.0008,3.775,5.6
136.245,-6.006,3.8,5.6
137.6463,-6.0128,3.825,5.6
139.0712,-6.0069,3.85,5.575
140.4725,-6.0001,3.875,5.575
141.8738,-6.0067,3.9,5.575
143.3162,-6.013,3.925,5.55
144.735,-6.0061,3.95,5.55
146.1538,-6.0008,3.975,5.55
147.5725,-6.0076,4.0,5.55
149.0062,-6.0108,4.025,5.525
150.4163,-6.0026,4.05,5.525
151.8263,-6.0056,4.075,5.525
153.26,-6.0128,4.1,5.5
154.685,-6.0055,4.125,5.5
156.11,-6.0018,4.15,5.5
157.535,-6.0091,4.175,5.5
158.9875,-6.0117,4.2,5.475
160.4,-6.0049,4.225,5.475
161.8125,-6.0019,4.25,5.475
163.225,-6.0087,4.275,5.475
164.665,-6.0126,4.3,5.45
166.0863,-6.0068,4.325,5.45
167.5075,-6.0009,4.35,5.45
168.9287,-6.0049,4.375,5.45
170.35,-6.0107,4.4,5.45
171.7962,-6.012,4.425,5.425
173.215,-6.0066,4.45,5.425
174.6337,-6.0012,4.475,5.425
176.0525,-6.0041,4.5,5.425
177.4537,-6.008,4.525,5.425
178.855,-6.0118,4.55,5.425
180.2837,-6.0125,4.575,5.4
181.685,-6.0087,4.6,5.4
183.0888,-6.0052,4.625,5.4
184.4925,-6.0018,4.65,5.4
185.8963,-6.0017,4.675,5.4
187.3,-6.0052,4.7,5.4
188.685,-6.0076,4.725,5.4
190.07,-6.01,4.75,5.4
191.455,-6.0124,4.775,5.4
192.8663,-6.013,4.8,5.375
194.2438,-6.0119,4.825,5.375
195.6213,-6.0107,4.85,5.375
196.9988,-6.0096,4.875,5.375
198.3762,-6.0084,4.9,5.375
199.7313,-6.0082,4.925,5.375
201.0863,-6.008,4.95,5.375
202.4412,-6.0078,4.975,5.375
203.7963,-6.0076,5.0,5.375
205.1488,-6.008,5.025,5.375
206.5013,-6.0084,5.05,5.375
207.8538,-6.0088,5.075,5.375
209.2063,-6.0092,5.1,5.375
210.52,-6.0101,5.125,5.375
211.8338,-6.011,5.15,5.375
213.1475,-6.0119,5.175,5.375
214.4613,-6.0128,5.2,5.375
215.7488,-6.0133,5.225,5.4
217.0625,-6.0117,5.25,5.4
218.3762,-6.01,5.275,5.4
219.69,-6.0084,5.3,5.4
220.9725,-6.0071,5.325,5.4
222.255,-6.0058,5.35,5.4
223.5375,-6.0045,5.375,5.4
224.82,-6.0032,5.4,5.4
226.0813,-6.0015,5.425,5.4
227.3425,-6.0001,5.45,5.4
228.6038,-6.0017,5.475,5.4
229.865,-6.0034,5.5,5.4
231.1025,-6.0051,5.525,5.4
232.34,-6.0069,5.55,5.4
233.5775,-6.0086,5.575,5.4
234.815,-6.0104,5.6,5.4
236.0337,-6.0119,5.625,5.4
237.2525,-6.0133,5.65,5.4
238.4437,-6.0133,5.675,5.425
239.6625,-6.0118,5.7,5.425
240.8525,-6.0116,5.725,5.425
242.0425,-6.0113,5.75,5.425
243.2325,-6.0111,5.775,5.425
244.4225,-6.0108,5.8,5.425
245.5938,-6.0109,5.825,5.425
246.765,-6.0109,5.85,5.425
247.9362,-6.0109,5.875,5.425
249.1075,-6.0109,5.9,5.425
250.2587,-6.0122,5.925,5.425
251.41,-6.0135,5.95,5.425
252.5888,-6.0134,5.975,5.4
253.74,-6.0121,6.0,5.4
254.8525,-6.0104,6.025,5.4
255.965,-6.0087,6.05,5.4
257.0775,-6.007,6.075,5.4
258.19,-6.0053,6.1,5.4
259.2887,-6.0026,6.125,5.4
260.3875,-6.0,6.15,5.4
261.4863,-6.0027,6.175,5.4
262.585,-6.0054,6.2,5.4
263.6525,-6.009,6.225,5.4
264.72,-6.0127,6.25,5.4
265.8138,-6.0115,6.275,5.375
266.8813,-6.0079,6.3,5.375
267.93,-6.0032,6.325,5.375
268.9787,-6.0015,6.35,5.375
270.0275,-6.0061,6.375,5.375
271.0763,-6.0108,6.4,5.375
272.1187,-6.0114,6.425,5.35
273.135,-6.0057,6.45,5.35
274.1513,-6.0001,6.475,5.35
275.1675,-6.0056,6.5,5.35
276.1688,-6.0129,6.525,5.35
277.1963,-6.0077,6.55,5.325
278.1975,-6.0004,6.575,5.325
279.1988,-6.0068,6.6,5.325
280.1963,-6.0133,6.625,5.3
281.1675,-6.0056,6.65,5.3
282.1388,-6.002,6.675,5.3
283.11,-6.0097,6.7,5.3
284.0863,-6.0106,6.725,5.275
285.0312,-6.0017,6.75,5.275
285.9762,-6.0073,6.775,5.275
286.9525,-6.013,6.8,5.25
287.8737,-6.0038,6.825,5.25
288.795,-6.0054,6.85,5.25
289.7475,-6.0145,6.875,5.225
290.6687,-6.0053,6.9,5.225
291.5638,-6.0048,6.925,5.225
292.49,-6.0143,6.95,5.2
293.385,-6.0042,6.975,5.2
294.28,-6.0059,7.0,5.2
295.1675,-6.0123,7.025,5.175
296.035,-6.0016,7.05,5.175
296.9025,-6.0092,7.075,5.175
297.79,-6.009,7.1,5.15
298.635,-6.0019,7.125,5.15
299.48,-6.0127,7.15,5.15
300.345,-6.0053,7.175,5.125
301.19,-6.0055,7.2,5.125
302.02,-6.0122,7.225,5.1
302.83,-6.0009,7.25,5.1
303.64,-6.0104,7.275,5.1
304.475,-6.0086,7.3,5.075
305.2713,-6.0032,7.325,5.075
306.0675,-6.015,7.35,5.075
306.8888,-6.0034,7.375,5.05
307.685,-6.0084,7.4,5.05
308.4737,-6.0102,7.425,5.025
309.2375,-6.0015,7.45,5.025
310.0013,-6.0132,7.475,5.025
310.79,-6.0054,7.5,5.0
311.5213,-6.0061,7.525,5.0
312.27,-6.0133,7.55,4.975
313.0013,-6.0018,7.575,4.975
313.7325,-6.0097,7.6,4.975
314.46,-6.0096,7.625,4.95
315.17,-6.0021,7.65,4.95
315.88,-6.0137,7.675,4.95
316.6075,-6.0056,7.7,4.925
317.2812,-6.0058,7.725,4.925
317.9725,-6.0137,7.75,4.9
318.6463,-6.0023,7.775,4.9
319.32,-6.0091,7.8,4.9
319.9975,-6.0109,7.825,4.875
320.6538,-6.0,7.85,4.875
321.31,-6.011,7.875,4.875
321.9875,-6.009,7.9,4.85
322.6137,-6.0014,7.925,4.85
323.24,-6.0118,7.95,4.85
323.8875,-6.0088,7.975,4.825
324.5138,-6.0016,8.0,4.825
325.1162,-6.0123,8.025,4.825
325.74,-6.0081,8.05,4.8
326.3425,-6.0025,8.075,4.8
326.945,-6.0131,8.1,4.8
327.4438,-6.0085,0.0,4.825
327.5412,-6.0089,8.125,4.775
328.1162,-6.001,8.15,4.775
328.2825,-6.0146,0.025,4.825
328.6913,-6.0109,8.175,4.775
329.1,-6.0104,0.05,4.85
329.2875,-6.0112,8.2,4.75
329.84,-6.0016,8.225,4.75
329.9388,-6.0043,0.075,4.85
330.3925,-6.0081,8.25,4.75
330.7775,-6.0018,0.1,4.85
330.9663,-6.0142,8.275,4.725
331.5188,-6.0046,8.3,4.725
331.6187,-6.0081,0.125,4.85
332.045,-6.0045,8.325,4.725
332.46,-6.0144,0.15,4.85
332.5713,-6.0136,8.35,4.725
333.1187,-6.0092,8.375,4.7
333.28,-6.0102,0.175,4.875
333.645,-6.0001,8.4,4.7
334.1212,-6.0039,0.2,4.875
334.1513,-6.0085,8.425,4.7
334.6775,-6.0158,8.45,4.675
334.9613,-6.0022,0.225,4.875
335.1837,-6.0072,8.475,4.675
335.69,-6.0014,8.5,4.675
335.8012,-6.0083,0.25,4.875
336.1725,-6.0095,8.525,4.675
336.6413,-6.0144,0.275,4.875
336.675,-6.0152,8.55,4.65
337.1575,-6.0071,8.575,4.65
337.46,-6.0105,0.3,4.9
337.64,-6.0011,8.6,4.65
338.1037,-6.0093,8.625,4.65
338.3075,-6.0046,0.325,4.9
338.5875,-6.0154,8.65,4.625
339.0512,-6.0072,8.675,4.625
339.155,-6.0013,0.35,4.9
339.515,-6.001,8.7,4.625
339.955,-6.0083,8.725,4.625
340.0025,-6.0072,0.375,4.9
340.395,-6.0156,8.75,4.625
340.85,-6.0131,0.4,4.9
340.855,-6.0101,8.775,4.6
341.295,-6.0029,8.8,4.6
341.6858,-6.0107,0.425,4.925
341.7188,-6.0046,8.825,4.6
342.1425,-6.0121,8.85,4.6
342.5392,-6.0037,0.45,4.925
342.59,-6.0139,8.875,4.575
343.0138,-6.0064,8.9,4.575
343.3925,-6.0033,0.475,4.925
343.42,-6.0004,8.925,4.575
343.8263,-6.0071,8.95,4.575
344.2325,-6.0139,8.975,4.575
344.2458,-6.0103,0.5,4.925
344.6625,-6.0128,9.0,4.55
345.0487,-6.0061,9.025,4.55
345.1,-6.014,0.525,4.95
345.435,-6.0007,9.05,4.55
345.8213,-6.0074,9.075,4.55
345.9717,-6.0073,0.55,4.95
346.2075,-6.0141,9.1,4.55
346.6062,-6.0135,9.125,4.525
346.8433,-6.0007,0.575,4.95
346.9812,-6.0077,9.15,4.525
347.3562,-6.0019,9.175,4.525
347.715,-6.0059,0.6,4.95
347.7312,-6.0039,9.2,4.525
348.085,-6.0098,9.225,4.525
348.4388,-6.0157,9.25,4.525
348.5933,-6.0126,0.625,4.95
348.8163,-6.0119,9.275,4.5
349.17,-6.006,9.3,4.5
349.4542,-6.0115,0.65,4.975
349.5138,-6.0009,9.325,4.5
349.8575,-6.0041,9.35,4.5
350.2013,-6.0092,9.375,4.5
350.3325,-6.0048,0.675,4.975
350.545,-6.0142,9.4,4.5
350.895,-6.0154,9.425,4.475
351.2108,-6.0019,0.7,4.975
351.22,-6.0103,9.45,4.475
351.545,-6.0052,9.475,4.475
351.87,-6.0,9.5,4.475
352.1075,-6.0097,0.725,4.975
352.1862,-6.0047,9.525,4.475
352.5025,-6.0093,9.55,4.475
352.8188,-6.014,9.575,4.475
352.9867,-6.0133,0.75,5.0
353.16,-6.0161,9.6,4.45
353.4613,-6.0113,9.625,4.45
353.7625,-6.0064,9.65,4.45
353.8833,-6.0055,0.775,5.0
354.0638,-6.0016,9.675,4.45
354.365,-6.0032,9.7,4.45
354.6587,-6.0076,9.725,4.45
354.78,-6.0023,0.8,5.0
354.9525,-6.0121,9.75,4.45
355.2462,-6.0165,9.775,4.45
355.565,-6.0139,9.8,4.425
355.6875,-6.0105,0.825,5.0
355.8425,-6.0097,9.825,4.425
356.12,-6.0055,9.85,4.425
356.3975,-6.0013,9.875,4.425
356.57,-6.0115,0.85,5.025
356.675,-6.0028,9.9,4.425
356.9488,-6.007,9.925,4.425
357.2225,-6.0111,9.95,4.425
357.4775,-6.0033,0.875,5.025
357.4962,-6.0152,9.975,4.425
357.795,-6.0154,10.0,4.4
358.385,-6.0049,0.9,5.025
359.32,-6.0126,0.925,5.025
