0.6075,-6.0085,6.95,5.625
1.4838,-6.005,6.975,5.625
2.385,-6.0088,7.0,5.6
3.2338,-6.0058,7.025,5.6
4.105,-6.0068,7.05,5.575
4.9538,-6.0077,7.075,5.575
5.825,-6.0049,7.1,5.55
6.6537,-6.0101,7.125,5.55
7.505,-6.002,7.15,5.525
8.3338,-6.013,7.175,5.525
9.185,-6.0009,7.2,5.5
10.0087,-6.0131,7.225,5.475
10.8062,-6.0018,7.25,5.475
11.63,-6.0121,7.275,5.45
12.4275,-6.0027,7.3,5.45
13.2338,-6.0114,7.325,5.425
14.0137,-6.0033,7.35,5.425
14.82,-6.0108,7.375,5.4
15.6,-6.0039,7.4,5.4
16.375,-6.0101,7.425,5.375
17.1288,-6.0045,7.45,5.375
17.9037,-6.0096,7.475,5.35
18.6575,-6.005,7.5,5.35
19.4012,-6.0097,7.525,5.325
20.1237,-6.0043,7.55,5.325
20.8675,-6.0103,7.575,5.3
21.59,-6.0037,7.6,5.3
22.3113,-6.0115,7.625,5.275
23.0113,-6.0024,7.65,5.275
23.7325,-6.0128,7.675,5.25
24.4325,-6.0011,7.7,5.25
25.125,-6.0145,7.725,5.225
25.7962,-6.0009,7.75,5.225
26.4675,-6.0127,7.775,5.225
27.16,-6.0029,7.8,5.2
27.8075,-6.0095,7.825,5.2
28.4738,-6.0073,7.85,5.175
29.1212,-6.0051,7.875,5.175
29.7875,-6.0118,7.9,5.15
30.4075,-6.0002,7.925,5.15
31.0275,-6.0122,7.95,5.15
31.6662,-6.0051,7.975,5.125
32.2862,-6.0069,8.0,5.125
32.9025,-6.0107,8.025,5.1
33.5,-6.0009,8.05,5.1
34.0975,-6.0126,8.075,5.1
34.7125,-6.0065,8.1,5.075
35.28,-6.0048,8.125,5.075
35.865,-6.0146,8.15,5.05
36.4325,-6.0033,8.175,5.05
37.0,-6.008,8.2,5.05
37.5687,-6.012,8.225,5.025
38.12,-6.0012,8.25,5.025
38.25,-6.0092,0.0,5.1
38.6713,-6.0095,8.275,5.025
39.1,-6.011,0.025,5.125
39.24,-6.0105,8.3,5.0
39.7625,-6.0004,8.325,5.0
39.9688,-6.0018,0.05,5.125
40.285,-6.0097,8.35,5.0
40.825,-6.0114,8.375,4.975
40.8375,-6.0073,0.075,5.125
41.3475,-6.0013,8.4,4.975
41.6875,-6.0128,0.1,5.15
41.85,-6.0077,8.425,4.975
42.37,-6.0145,8.45,4.95
42.5588,-6.0034,0.125,5.15
42.8725,-6.0054,8.475,4.95
43.375,-6.0036,8.5,4.95
43.43,-6.006,0.15,5.15
43.8525,-6.013,8.525,4.95
44.2825,-6.0139,0.175,5.175
44.3475,-6.0089,8.55,4.925
44.825,-6.0004,8.575,4.925
45.1538,-6.0045,0.2,5.175
45.3025,-6.0097,8.6,4.925
45.78,-6.0129,8.625,4.9
46.0212,-6.0056,0.225,5.175
46.24,-6.0044,8.65,4.9
46.7,-6.0042,8.675,4.9
46.87,-6.0137,0.25,5.2
47.16,-6.0127,8.7,4.9
47.6163,-6.0107,8.725,4.875
47.7375,-6.0037,0.275,5.2
48.0563,-6.0026,8.75,4.875
48.4963,-6.0054,8.775,4.875
48.605,-6.0063,0.3,5.2
48.9363,-6.0134,8.8,4.875
49.3875,-6.0104,8.825,4.85
49.4575,-6.0132,0.325,5.225
49.8225,-6.0029,8.85,4.85
50.2575,-6.0046,8.875,4.85
50.3312,-6.0035,0.35,5.225
50.6925,-6.0122,8.9,4.85
51.0988,-6.0125,8.925,4.825
51.205,-6.0061,0.375,5.225
51.4888,-6.0057,8.95,4.825
51.8787,-6.0011,8.975,4.825
52.0575,-6.0133,0.4,5.25
52.2687,-6.0079,9.0,4.825
52.6538,-6.0151,9.025,4.825
52.935,-6.0028,0.425,5.25
53.055,-6.0091,9.05,4.8
53.44,-6.0019,9.075,4.8
53.8125,-6.0078,0.45,5.25
53.825,-6.0053,9.1,4.8
54.1975,-6.0115,9.125,4.8
54.5913,-6.0144,9.15,4.775
54.6687,-6.0107,0.475,5.275
54.9638,-6.0081,9.175,4.775
55.3362,-6.0019,9.2,4.775
55.5463,-6.0002,0.5,5.275
55.7025,-6.0041,9.225,4.775
56.0688,-6.0101,9.25,4.775
56.4387,-6.011,0.525,5.275
56.4562,-6.016,9.275,4.75
56.8225,-6.01,9.3,4.75
57.1525,-6.0045,9.325,4.75
57.31,-6.0069,0.55,5.3
57.4825,-6.0011,9.35,4.75
57.8125,-6.0067,9.375,4.75
58.1425,-6.0122,9.4,4.75
58.2025,-6.0043,0.575,5.3
58.4888,-6.015,9.425,4.725
58.8137,-6.01,9.45,4.725
59.0737,-6.0132,0.6,5.325
59.1387,-6.0051,9.475,4.725
59.4637,-6.0001,9.5,4.725
59.805,-6.0048,9.525,4.725
59.9712,-6.0019,0.625,5.325
60.1463,-6.0098,9.55,4.725
60.4875,-6.0148,9.575,4.725
60.85,-6.0124,9.6,4.7
60.8687,-6.0094,0.65,5.325
61.1262,-6.0075,9.625,4.7
61.4025,-6.0027,9.65,4.7
61.6788,-6.0021,9.675,4.7
61.745,-6.0079,0.675,5.35
61.955,-6.0069,9.7,4.7
62.2475,-6.0114,9.725,4.7
62.54,-6.0159,9.75,4.7
62.6425,-6.0034,0.7,5.35
62.8525,-6.0134,9.775,4.675
63.145,-6.0089,9.8,4.675
63.4237,-6.0048,9.825,4.675
63.5625,-6.0134,0.725,5.375
63.7025,-6.0007,9.85,4.675
63.9813,-6.0034,9.875,4.675
64.26,-6.0075,9.9,4.675
64.5037,-6.0016,0.75,5.375
64.5325,-6.0114,9.925,4.675
64.805,-6.0153,9.95,4.675
65.0975,-6.0146,9.975,4.65
65.37,-6.0107,10.0,4.65
65.445,-6.0103,0.775,5.375
66.365,-6.0065,0.8,5.4
67.2612,-6.0055,0.825,5.4
68.1312,-6.0112,0.85,5.425
69.0275,-6.0009,0.875,5.425
69.9237,-6.013,0.9,5.425
70.8438,-6.0031,0.925,5.45
71.79,-6.0096,0.95,5.45
72.71,-6.0065,0.975,5.475
73.6562,-6.0062,1.0,5.475
74.585,-6.0096,1.025,5.5
75.54,-6.0033,1.05,5.5
76.4725,-6.0109,1.075,5.525
77.4275,-6.0021,1.1,5.525
78.385,-6.0116,1.125,5.55
79.365,-6.0019,1.15,5.55
80.3225,-6.0117,1.175,5.575
81.3025,-6.0017,1.2,5.575
82.2687,-6.012,1.225,5.6
83.2575,-6.0015,1.25,5.6
84.2213,-6.0123,1.275,5.625
85.21,-6.0011,1.3,5.625
86.2037,-6.012,1.325,5.65
87.2225,-6.0021,1.35,5.65
88.2163,-6.0111,1.375,5.675
89.235,-6.003,1.4,5.675
90.2388,-6.0099,1.425,5.7
91.2675,-6.0044,1.45,5.7
92.2737,-6.0075,1.475,5.725
93.3025,-6.0068,1.5,5.725
94.3137,-6.0058,1.525,5.75
95.3475,-6.0076,1.55,5.75
96.3588,-6.005,1.575,5.775
97.3925,-6.0085,1.6,5.775
98.4325,-6.0048,1.625,5.8
99.495,-6.0081,1.65,5.8
100.535,-6.005,1.675,5.825
101.5975,-6.0079,1.7,5.825
102.6675,-6.0053,1.725,5.85
103.76,-6.0075,1.75,5.85
104.83,-6.0057,1.775,5.875
105.9225,-6.0071,1.8,5.875
106.9725,-6.0068,1.825,5.9
108.045,-6.0054,1.85,5.9
109.0975,-6.008,1.875,5.925
110.17,-6.0042,1.9,5.925
111.255,-6.0095,1.925,5.95
112.36,-6.0025,1.95,5.95
113.445,-6.0111,1.975,5.975
114.55,-6.0008,2.0,5.975
115.6838,-6.0118,2.025,5.975
116.7975,-6.0028,2.05,6.0
117.9312,-6.0082,2.075,6.0
119.0475,-6.0051,2.1,6.025
120.1925,-6.0045,2.125,6.025
121.32,-6.0103,2.15,6.05
122.465,-6.0008,2.175,6.05
123.61,-6.0088,2.2,6.05
124.7625,-6.0067,2.225,6.075
125.9325,-6.0021,2.25,6.075
127.1025,-6.011,2.275,6.075
128.255,-6.0045,2.3,6.1
129.435,-6.0029,2.325,6.1
130.615,-6.0103,2.35,6.1
131.775,-6.0068,2.375,6.125
132.955,-6.0006,2.4,6.125
134.16,-6.0067,2.425,6.125
135.345,-6.0117,2.45,6.15
136.55,-6.0056,2.475,6.15
137.755,-6.0006,2.5,6.15
138.9712,-6.0047,2.525,6.15
140.1875,-6.0088,2.55,6.15
141.3837,-6.0116,2.575,6.175
142.6,-6.0075,2.6,6.175
143.845,-6.0047,2.625,6.175
145.09,-6.002,2.65,6.175
146.335,-6.0008,2.675,6.175
147.58,-6.0035,2.7,6.175
148.835,-6.0047,2.725,6.175
150.09,-6.0059,2.75,6.175
151.345,-6.0071,2.775,6.175
152.6,-6.0083,2.8,6.175
153.8787,-6.0077,2.825,6.175
155.1575,-6.0071,2.85,6.175
156.4362,-6.0065,2.875,6.175
157.715,-6.006,2.9,6.175
159.0212,-6.0039,2.925,6.175
160.3275,-6.0018,2.95,6.175
161.6337,-6.0003,2.975,6.175
162.94,-6.0024,3.0,6.175
164.25,-6.0065,3.025,6.175
165.56,-6.0106,3.05,6.175
166.89,-6.0099,3.075,6.15
168.2,-6.0058,3.1,6.15
169.5375,-6.0014,3.125,6.15
170.875,-6.003,3.15,6.15
172.2125,-6.0075,3.175,6.15
173.55,-6.0119,3.2,6.15
174.9125,-6.0062,3.225,6.125
176.255,-6.0001,3.25,6.125
177.5975,-6.0065,3.275,6.125
178.96,-6.0116,3.3,6.1
180.3312,-6.004,3.325,6.1
181.7025,-6.0036,3.35,6.1
183.0737,-6.0112,3.375,6.1
184.4625,-6.0055,3.4,6.075
185.845,-6.0022,3.425,6.075
187.2275,-6.0099,3.45,6.075
188.6275,-6.0067,3.475,6.05
190.01,-6.0011,3.5,6.05
191.4087,-6.0093,3.525,6.05
192.825,-6.0068,3.55,6.025
194.2238,-6.0014,3.575,6.025
195.6225,-6.0096,3.6,6.025
197.0462,-6.0059,3.625,6.0
198.4525,-6.003,3.65,6.0
199.8587,-6.0118,3.675,6.0
201.285,-6.005,3.7,5.975
202.71,-6.0028,3.725,5.975
204.135,-6.0105,3.75,5.975
205.58,-6.0073,3.775,5.95
207.005,-6.0005,3.8,5.95
208.4288,-6.0082,3.825,5.95
209.8725,-6.0097,3.85,5.925
211.2962,-6.0019,3.875,5.925
212.72,-6.0058,3.9,5.925
214.1575,-6.0122,3.925,5.925
215.615,-6.0069,3.95,5.9
217.0525,-6.0004,3.975,5.9
218.49,-6.006,4.0,5.9
219.9213,-6.0115,4.025,5.9
221.375,-6.009,4.05,5.875
222.8063,-6.0035,4.075,5.875
224.2375,-6.002,4.1,5.875
225.6763,-6.0065,4.125,5.875
227.115,-6.0111,4.15,5.875
228.5763,-6.0104,4.175,5.85
230.015,-6.0058,4.2,5.85
231.4475,-6.0021,4.225,5.85
232.88,-6.0017,4.25,5.85
234.3125,-6.0055,4.275,5.85
235.745,-6.0092,4.3,5.85
237.1725,-6.0108,4.325,5.85
238.6,-6.0123,4.35,5.85
240.05,-6.0122,4.375,5.825
241.4775,-6.0107,4.4,5.825
242.8987,-6.0104,4.425,5.825
244.32,-6.0101,4.45,5.825
245.7413,-6.0098,4.475,5.825
247.1625,-6.0096,4.5,5.825
248.5637,-6.0101,4.525,5.825
249.965,-6.0107,4.55,5.825
251.3663,-6.0113,4.575,5.825
252.7675,-6.0119,4.6,5.825
254.14,-6.0122,4.625,5.85
255.535,-6.0102,4.65,5.85
256.93,-6.0083,4.675,5.85
258.325,-6.0063,4.7,5.85
259.69,-6.0028,4.725,5.85
261.055,-6.0007,4.75,5.85
262.42,-6.0042,4.775,5.85
263.785,-6.0077,4.8,5.85
265.1488,-6.0118,4.825,5.85
266.49,-6.0101,4.85,5.875
267.8537,-6.006,4.875,5.875
269.2175,-6.0019,4.9,5.875
270.5425,-6.0024,4.925,5.875
271.8675,-6.0067,4.95,5.875
273.1925,-6.011,4.975,5.875
274.495,-6.0107,5.0,5.9
275.8125,-6.0067,5.025,5.9
277.13,-6.0027,5.05,5.9
278.4475,-6.0013,5.075,5.9
279.765,-6.0053,5.1,5.9
281.05,-6.0106,5.125,5.9
282.315,-6.0096,5.15,5.925
283.6,-6.0043,5.175,5.925
284.885,-6.0011,5.2,5.925
286.155,-6.0053,5.225,5.925
287.425,-6.0094,5.25,5.925
288.675,-6.012,5.275,5.95
289.945,-6.0078,5.3,5.95
291.1812,-6.0035,5.325,5.95
292.4175,-6.0008,5.35,5.95
293.6538,-6.0051,5.375,5.95
294.89,-6.0094,5.4,5.95
296.115,-6.0125,5.425,5.95
297.32,-6.0101,5.45,5.975
298.545,-6.007,5.475,5.975
299.77,-6.0039,5.5,5.975
300.9625,-6.0013,5.525,5.975
302.155,-6.0013,5.55,5.975
303.3475,-6.004,5.575,5.975
304.54,-6.0066,5.6,5.975
305.7138,-6.0082,5.625,5.975
306.8875,-6.0098,5.65,5.975
308.0612,-6.0115,5.675,5.975
309.215,-6.0125,5.7,6.0
310.36,-6.0122,5.725,6.0
311.505,-6.0119,5.75,6.0
312.65,-6.0116,5.775,6.0
313.795,-6.0114,5.8,6.0
314.925,-6.0127,5.825,6.0
316.075,-6.0116,5.85,5.975
317.205,-6.0102,5.875,5.975
318.335,-6.0089,5.9,5.975
319.4412,-6.0063,5.925,5.975
320.5475,-6.0036,5.95,5.975
321.6538,-6.001,5.975,5.975
322.76,-6.0016,6.0,5.975
323.84,-6.0059,6.025,5.975
324.92,-6.0103,6.05,5.975
326.02,-6.011,6.075,5.95
327.1,-6.0067,6.1,5.95
328.1625,-6.0011,6.125,5.95
329.225,-6.0045,6.15,5.95
330.2875,-6.0101,6.175,5.95
331.37,-6.0099,6.2,5.925
332.4075,-6.0032,6.225,5.925
333.445,-6.0034,6.25,5.925
334.4825,-6.0101,6.275,5.925
335.54,-6.0088,6.3,5.9
336.5588,-6.0007,6.325,5.9
337.5775,-6.0075,6.35,5.9
338.6187,-6.0103,6.375,5.875
339.6375,-6.0021,6.4,5.875
340.6325,-6.0074,6.425,5.875
341.65,-6.0091,6.45,5.85
342.645,-6.0004,6.475,5.85
343.64,-6.0099,6.5,5.85
344.6375,-6.0056,6.525,5.825
345.6125,-6.005,6.55,5.825
346.61,-6.0105,6.575,5.8
347.585,-6.0001,6.6,5.8
348.5362,-6.0116,6.625,5.8
349.51,-6.003,6.65,5.775
350.4613,-6.0086,6.675,5.775
351.435,-6.006,6.7,5.75
352.3625,-6.0064,6.725,5.75
353.3125,-6.0074,6.75,5.725
354.24,-6.005,6.775,5.725
355.19,-6.0088,6.8,5.7
356.0875,-6.0049,6.825,5.7
357.01,-6.0086,6.85,5.675
357.9075,-6.0052,6.875,5.675
358.83,-6.0083,6.9,5.65
359.7063,-6.0052,6.925,5.65
